0.000000 280.416006
24.892000 272.287992
49.784000 265.429999
74.676001 258.825996
99.568001 250.190001
124.460001 241.554006
149.352001 228.092010
174.244001 216.407992
199.136002 205.740005
224.028002 186.944004
248.920002 176.783998
273.812002 159.765998
298.704002 143.256003
323.596003 124.206000
348.488003 104.140001
373.380003 86.360001
398.272003 63.499999
423.164003 38.608001
448.056004 -25400.000000
472.948004 -25400.000000
497.840004 -25400.000000
522.732004 -25400.000000
547.624004 -25400.000000
572.516005 -25400.000000
597.408005 -25400.000000
622.300005 -25400.000000
647.192005 -25400.000000
672.084005 -25400.000000
696.976006 -25400.000000
721.868006 -25400.000000
746.760006 -25400.000000
771.652006 -25400.000000
796.544006 -25400.000000
821.436007 -25400.000000
846.328007 -25400.000000
871.220007 -25400.000000
896.112007 -25400.000000
921.004007 -25400.000000
945.896008 -25400.000000
970.788008 -25400.000000
995.680008 -25400.000000
1020.572008 -25400.000000
1045.464008 -25400.000000
1070.356009 -25400.000000
1095.248009 -25400.000000
1120.140009 -25400.000000
1145.032009 -25400.000000
1169.924009 -25400.000000
1194.816010 -25400.000000
1219.708010 -25400.000000
1244.600010 120.395994
1269.492010 138.430001
1294.384010 -25400.000000
1319.276011 -25400.000000
1344.168011 185.927996
1369.060011 197.866005
1393.952011 209.549999
1418.844011 220.218009
1443.736012 228.092010
1468.628012 239.776004
1493.520012 245.617990
1518.412012 252.221993
1543.304012 258.825996
1568.196012 262.381999
1593.088013 268.477998
1617.980013 271.272008
1642.872013 273.303999
1667.764013 275.335991
1692.656013 277.368007
1717.548014 278.383991
1742.440014 278.383991
1767.332014 277.368007
1792.224014 274.320007
1817.116014 274.320007
1842.008015 270.509990
1866.900015 265.429999
1891.792015 260.603997
1916.684015 255.016002
1941.576015 249.428007
1966.468016 241.554006
1991.360016 232.918011
2016.252016 223.266009
2041.144016 212.597998
2066.036016 200.914004
2090.928017 186.944004
2115.820017 174.244002
2140.712017 160.781994
2165.604017 144.271999
2190.496017 -25400.000000
2215.388018 -25400.000000
2240.280018 -25400.000000
2265.172018 -25400.000000
2290.064018 -25400.000000
2314.956018 -25400.000000
2339.848019 -25400.000000
2364.740019 -25400.000000
2389.632019 -25400.000000
2414.524019 -25400.000000
2439.416019 -25400.000000
2464.308020 -25400.000000
2489.200020 -25400.000000
2514.092020 -25400.000000
2538.984020 -25400.000000
2563.876020 -25400.000000
2588.768021 -25400.000000
2613.660021 -25400.000000
2638.552021 -25400.000000
2663.444021 -25400.000000
2688.336021 -25400.000000
2713.228022 -25400.000000
2738.120022 -25400.000000
2763.012022 -25400.000000
2787.904022 -25400.000000
2812.796022 -25400.000000
2837.688023 -25400.000000
2862.580023 -25400.000000
2887.472023 -25400.000000
2912.364023 -25400.000000
2937.256023 -25400.000000
2962.148024 -25400.000000
2987.040024 -25400.000000
3011.932024 -25400.000000
3036.824024 -25400.000000
3061.716024 -25400.000000
3086.608025 -25400.000000
3111.500025 -25400.000000
3136.392025 -25400.000000
3161.284025 -25400.000000
3186.176025 -25400.000000
3211.068026 -25400.000000
3235.960026 -25400.000000
3260.852026 -25400.000000
3285.744026 -25400.000000
3310.636026 -25400.000000
3335.528027 -25400.000000
3360.420027 -25400.000000
3385.312027 -25400.000000
3410.204027 -25400.000000
3435.096027 -25400.000000
3459.988028 -25400.000000
3484.880028 -25400.000000
3509.772028 -25400.000000
3534.664028 -25400.000000
3559.556028 -25400.000000
3584.448029 -25400.000000
3609.340029 -25400.000000
3634.232029 -25400.000000
3659.124029 -25400.000000
3684.016029 -25400.000000
3708.908030 -25400.000000
3733.800030 -25400.000000
3758.692030 -25400.000000
3783.584030 -25400.000000
3808.476030 -25400.000000
3833.368031 -25400.000000
3858.260031 -25400.000000
3883.152031 -25400.000000
3908.044031 -25400.000000
3932.936031 -25400.000000
3957.828032 -25400.000000
3982.720032 -25400.000000
4007.612032 -25400.000000
4032.504032 -25400.000000
4057.396032 -25400.000000
4082.288033 -25400.000000
4107.180033 -25400.000000
4132.072033 -25400.000000
4156.964033 -25400.000000
4181.856033 -25400.000000
4206.748034 -25400.000000
4231.640034 -25400.000000
4256.532034 -25400.000000
4281.424034 -25400.000000
4306.316034 -25400.000000
4331.208035 -25400.000000
4356.100035 -25400.000000
4380.992035 -25400.000000
4405.884035 -25400.000000
4430.776035 -25400.000000
4455.668036 -25400.000000
4480.560036 38.608001
4505.452036 54.101998
4530.344036 77.469999
4555.236036 104.140001
4580.128036 123.190004
4605.020037 143.256003
4629.912037 160.781994
4654.804037 183.133999
4679.696037 200.914004
4704.588037 219.455991
4729.480038 233.933995
4754.372038 245.617990
4779.264038 264.413991
4804.156038 273.303999
4829.048038 286.512005
4853.940039 292.100001
4878.832039 303.275991
4903.724039 306.323991
4928.616039 320.040000
4953.508039 321.818002
4978.400040 329.437989
5003.292040 335.279998
5028.184040 336.041992
5053.076040 338.836002
5077.968040 347.471996
5102.860041 345.693995
5127.752041 338.074008
5152.644041 340.867993
5177.536041 345.693995
5202.428041 342.645995
5227.320042 348.488004
5252.212042 352.552011
5277.104042 338.074008
5301.996042 333.248006
5326.888042 327.660011
5351.780043 321.818002
5376.672043 324.866002
5401.564043 319.023993
5426.456043 311.149992
5451.348043 302.513997
5476.240044 291.083993
5501.132044 279.399998
5526.024044 269.494006
5550.916044 261.620005
5575.808044 243.585998
5600.700045 230.885996
5625.592045 220.218009
5650.484045 203.962004
5675.376045 186.944004
5700.268045 164.592000
5725.160046 147.319998
5750.052046 124.206000
5774.944046 103.124005
5799.836046 80.517998
5824.728046 54.101998
5849.620047 -25400.000000
5874.512047 -25400.000000
5899.404047 -25400.000000
5924.296047 -25400.000000
5949.188047 -25400.000000
5974.080048 -25400.000000
5998.972048 -25400.000000
6023.864048 -25400.000000
6048.756048 -25400.000000
6073.648048 -25400.000000
6098.540049 -25400.000000
6123.432049 -25400.000000
6148.324049 -25400.000000
6173.216049 -25400.000000
6198.108049 -25400.000000
6223.000050 -25400.000000
6247.892050 -25400.000000
6272.784050 -25400.000000
6297.676050 -25400.000000
6322.568050 -25400.000000
6347.460051 -25400.000000
6372.352051 -25400.000000
6397.244051 -25400.000000
6422.136051 41.656001
6447.028051 66.547998
6471.920052 97.282002
6496.812052 120.395994
6521.704052 140.462005
6546.596052 160.781994
6571.488052 176.022004
6596.380053 193.801997
6621.272053 205.740005
6646.164053 222.250001
6671.056053 236.728005
6695.948053 249.428007
6720.840054 260.603997
6745.732054 270.509990
6770.624054 280.416006
6795.516054 282.956002
6820.408054 295.656004
6845.300055 302.513997
6870.192055 310.134008
6895.084055 313.944001
6919.976055 318.008009
6944.868055 323.849994
6969.760056 327.660011
6994.652056 330.453997
7019.544056 332.231999
7044.436056 333.248006
7069.328056 333.248006
7094.220057 332.231999
7119.112057 332.231999
7144.004057 333.248006
7168.896057 329.437989
7193.788057 326.644003
7218.680058 323.849994
7243.572058 320.040000
7268.464058 313.944001
7293.356058 307.086008
7318.248058 300.482005
7343.140059 293.878002
7368.032059 284.734004
7392.924059 277.368007
7417.816059 265.429999
7442.708059 255.777996
7467.600060 242.569990
7492.492060 229.107994
7517.384060 213.614006
7542.276060 197.866005
7567.168060 180.594003
7592.060061 161.798002
7616.952061 145.287994
7641.844061 119.379998
7666.736061 98.044001
7691.628061 74.421999
7716.520061 54.863998
7741.412062 -25400.000000
7766.304062 -25400.000000
7791.196062 -25400.000000
7816.088062 -25400.000000
7840.980062 -25400.000000
7865.872063 -25400.000000
7890.764063 -25400.000000
7915.656063 -25400.000000
7940.548063 -25400.000000
7965.440063 -25400.000000
7990.332064 -25400.000000
8015.224064 -25400.000000
8040.116064 -25400.000000
8065.008064 -25400.000000
8089.900064 -25400.000000
8114.792065 -25400.000000
8139.684065 -25400.000000
8164.576065 -25400.000000
8189.468065 -25400.000000
8214.360065 -25400.000000
8239.252066 -25400.000000
8264.144066 -25400.000000
8289.036066 -25400.000000
8313.928066 -25400.000000
8338.820066 -25400.000000
8363.712067 -25400.000000
8388.604067 -25400.000000
8413.496067 -25400.000000
8438.388067 -25400.000000
8463.280067 -25400.000000
8488.172068 -25400.000000
8513.064068 -25400.000000
8537.956068 -25400.000000
8562.848068 -25400.000000
8587.740068 -25400.000000
8612.632069 -25400.000000
8637.524069 -25400.000000
8662.416069 -25400.000000
8687.308069 -25400.000000
8712.200069 -25400.000000
8737.092070 -25400.000000
8761.984070 -25400.000000
8786.876070 -25400.000000
8811.768070 -25400.000000
8836.660070 -25400.000000
8861.552071 -25400.000000
8886.444071 -25400.000000
8911.336071 -25400.000000
8936.228071 -25400.000000
8961.120071 -25400.000000
8986.012072 -25400.000000
9010.904072 -25400.000000
9035.796072 -25400.000000
9060.688072 -25400.000000
9085.580072 -25400.000000
9110.472073 -25400.000000
9135.364073 -25400.000000
9160.256073 -25400.000000
9185.148073 -25400.000000
9210.040073 -25400.000000
9234.932074 -25400.000000
9259.824074 -25400.000000
9284.716074 -25400.000000
9309.608074 -25400.000000
9334.500074 -25400.000000
9359.392075 -25400.000000
9384.284075 -25400.000000
9409.176075 -25400.000000
9434.068075 -25400.000000
9458.960075 -25400.000000
9483.852076 -25400.000000
9508.744076 -25400.000000
9533.636076 -25400.000000
9558.528076 -25400.000000
9583.420076 -25400.000000
9608.312077 -25400.000000
9633.204077 -25400.000000
9658.096077 -25400.000000
9682.988077 -25400.000000
9707.880077 -25400.000000
9732.772078 -25400.000000
9757.664078 -25400.000000
9782.556078 -25400.000000
9807.448078 -25400.000000
9832.340078 -25400.000000
9857.232079 -25400.000000
9882.124079 -25400.000000
9907.016079 -25400.000000
9931.908079 -25400.000000
9956.800079 -25400.000000
9981.692080 -25400.000000
10006.584080 -25400.000000
10031.476080 -25400.000000
10056.368080 44.450001
10081.260080 56.896002
10106.152081 84.327998
10131.044081 91.186002
10155.936081 101.092001
10180.828081 111.759999
10205.720081 131.825998
10230.612082 144.271999
10255.504082 149.098000
10280.396082 161.798002
10305.288082 162.813998
10330.180082 169.418001
10355.072083 174.244002
10379.964083 188.975996
10404.856083 189.992004
10429.748083 193.801997
10454.640083 189.992004
10479.532084 197.866005
10504.424084 203.962004
10529.316084 202.945996
10554.208084 202.945996
10579.100084 200.914004
10603.992085 200.914004
10628.884085 193.040003
10653.776085 189.992004
10678.668085 185.927996
10703.560085 178.561999
10728.452085 173.227994
10753.344086 166.624003
10778.236086 157.987997
10803.128086 148.082004
10828.020086 139.445997
10852.912086 122.427998
10877.804087 106.933998
10902.696087 100.076005
10927.588087 83.312002
10952.480087 69.595998
10977.372087 54.101998
11002.264088 34.797999
11027.156088 -25400.000000
11052.048088 -25400.000000
11076.940088 -25400.000000
11101.832088 -25400.000000
11126.724089 -25400.000000
11151.616089 -25400.000000
11176.508089 -25400.000000
11201.400089 -25400.000000
11226.292089 -25400.000000
11251.184090 -25400.000000
11276.076090 -25400.000000
11300.968090 -25400.000000
11325.860090 -25400.000000
11350.752090 -25400.000000
11375.644091 -25400.000000
11400.536091 -25400.000000
11425.428091 -25400.000000
11450.320091 -25400.000000
11475.212091 -25400.000000
11500.104092 -25400.000000
11524.996092 -25400.000000
11549.888092 -25400.000000
11574.780092 -25400.000000
11599.672092 -25400.000000
11624.564093 -25400.000000
11649.456093 -25400.000000
11674.348093 -25400.000000
11699.240093 -25400.000000
11724.132093 -25400.000000
11749.024094 -25400.000000
11773.916094 -25400.000000
11798.808094 39.624000
11823.700094 63.499999
11848.592094 81.534000
11873.484095 100.076005
11898.376095 120.395994
11923.268095 133.858002
11948.160095 150.113996
11973.052095 161.798002
11997.944096 176.022004
12022.836096 184.149995
12047.728096 198.881989
12072.620096 206.755989
12097.512096 217.424000
12122.404097 225.044010
12147.296097 231.902003
12172.188097 240.537998
12197.080097 255.777996
12221.972097 252.221993
12246.864098 256.794004
12271.756098 258.825996
12296.648098 259.587990
12321.540098 263.398007
12346.432098 263.398007
12371.324099 266.446006
12396.216099 266.446006
12421.108099 266.446006
12446.000099 263.398007
12470.892099 261.620005
12495.784100 258.825996
12520.676100 253.999994
12545.568100 251.206009
12570.460100 245.617990
12595.352100 239.776004
12620.244101 234.950003
12645.136101 227.076002
12670.028101 219.455991
12694.920101 209.549999
12719.812101 198.881989
12744.704102 186.944004
12769.596102 172.466000
12794.488102 160.781994
12819.380102 147.319998
12844.272102 134.619996
12869.164103 116.586001
12894.056103 91.186002
12918.948103 81.534000
12943.840103 54.863998
12968.732103 38.608001
12993.624104 -25400.000000
13018.516104 -25400.000000
13043.408104 -25400.000000
13068.300104 -25400.000000
13093.192104 -25400.000000
13118.084105 -25400.000000
13142.976105 -25400.000000
13167.868105 -25400.000000
13192.760105 -25400.000000
13217.652105 -25400.000000
13242.544106 -25400.000000
13267.436106 -25400.000000
13292.328106 -25400.000000
13317.220106 -25400.000000
13342.112106 -25400.000000
13367.004107 -25400.000000
13391.896107 -25400.000000
13416.788107 -25400.000000
13441.680107 -25400.000000
13466.572107 -25400.000000
13491.464108 -25400.000000
13516.356108 -25400.000000
13541.248108 -25400.000000
13566.140108 -25400.000000
13591.032108 -25400.000000
13615.924109 -25400.000000
13640.816109 -25400.000000
13665.708109 -25400.000000
13690.600109 -25400.000000
13715.492109 -25400.000000
13740.384109 -25400.000000
13765.276110 -25400.000000
13790.168110 -25400.000000
13815.060110 -25400.000000
13839.952110 -25400.000000
13864.844110 -25400.000000
13889.736111 -25400.000000
13914.628111 -25400.000000
13939.520111 104.140001
13964.412111 113.792003
13989.304111 129.032001
14014.196112 145.287994
14039.088112 157.987997
14063.980112 173.227994
14088.872112 182.372005
14113.764112 191.008000
14138.656113 199.897996
14163.548113 209.549999
14188.440113 215.392008
14213.332113 222.250001
14238.224113 226.059994
14263.116114 231.902003
14288.008114 236.728005
14312.900114 239.776004
14337.792114 239.776004
14362.684114 240.537998
14387.576115 240.537998
14412.468115 241.554006
14437.360115 240.537998
14462.252115 237.743989
14487.144115 234.950003
14512.036116 230.124002
14536.928116 227.076002
14561.820116 221.233993
14586.712116 215.392008
14611.604116 207.771997
14636.496117 199.897996
14661.388117 193.040003
14686.280117 181.355997
14711.172117 173.227994
14736.064117 161.798002
14760.956118 148.082004
14785.848118 134.619996
14810.740118 118.618004
14835.632118 105.918002
14860.524118 -25400.000000
14885.416119 -25400.000000
14910.308119 -25400.000000
14935.200119 -25400.000000
14960.092119 -25400.000000
14984.984119 -25400.000000
15009.876120 -25400.000000
15034.768120 -25400.000000
15059.660120 -25400.000000
15084.552120 -25400.000000
15109.444120 -25400.000000
15134.336121 -25400.000000
15159.228121 -25400.000000
15184.120121 -25400.000000
15209.012121 -25400.000000
15233.904121 -25400.000000
15258.796122 -25400.000000
15283.688122 -25400.000000
15308.580122 -25400.000000
15333.472122 -25400.000000
15358.364122 -25400.000000
15383.256123 -25400.000000
15408.148123 -25400.000000
15433.040123 -25400.000000
15457.932123 -25400.000000
15482.824123 -25400.000000
15507.716124 -25400.000000
15532.608124 -25400.000000
15557.500124 -25400.000000
15582.392124 -25400.000000
15607.284124 -25400.000000
15632.176125 -25400.000000
15657.068125 -25400.000000
15681.960125 -25400.000000
15706.852125 -25400.000000
15731.744125 -25400.000000
15756.636126 -25400.000000
15781.528126 -25400.000000
15806.420126 -25400.000000
15831.312126 -25400.000000
15856.204126 -25400.000000
15881.096127 -25400.000000
15905.988127 -25400.000000
15930.880127 -25400.000000
15955.772127 -25400.000000
15980.664127 -25400.000000
16005.556128 -25400.000000
16030.448128 -25400.000000
16055.340128 -25400.000000
16080.232128 -25400.000000
16105.124128 -25400.000000
16130.016129 -25400.000000
16154.908129 -25400.000000
16179.800129 -25400.000000
16204.692129 -25400.000000
16229.584129 -25400.000000
16254.476130 -25400.000000
16279.368130 -25400.000000
16304.260130 -25400.000000
16329.152130 -25400.000000
16354.044130 -25400.000000
16378.936131 -25400.000000
16403.828131 -25400.000000
16428.720131 -25400.000000
16453.612131 -25400.000000
16478.504131 -25400.000000
16503.396132 -25400.000000
16528.288132 -25400.000000
16553.180132 -25400.000000
16578.072132 -25400.000000
16602.964132 -25400.000000
16627.856133 -25400.000000
16652.748133 -25400.000000
16677.640133 -25400.000000
16702.532133 -25400.000000
16727.424133 -25400.000000
16752.316133 -25400.000000
16777.208134 -25400.000000
16802.100134 -25400.000000
16826.992134 -25400.000000
16851.884134 -25400.000000
16876.776134 -25400.000000
16901.668135 -25400.000000
16926.560135 -25400.000000
16951.452135 -25400.000000
16976.344135 -25400.000000
17001.236135 -25400.000000
17026.128136 -25400.000000
17051.020136 -25400.000000
17075.912136 -25400.000000
17100.804136 -25400.000000
17125.696136 -25400.000000
17150.588137 -25400.000000
17175.480137 -25400.000000
17200.372137 -25400.000000
17225.264137 40.639999
17250.156137 71.373999
17275.048138 90.170001
17299.940138 111.759999
17324.832138 126.999997
17349.724138 147.319998
17374.616138 164.592000
17399.508139 179.577995
17424.400139 189.992004
17449.292139 205.740005
17474.184139 226.059994
17499.076139 238.759997
17523.968140 247.395991
17548.860140 256.794004
17573.752140 267.461990
17598.644140 276.351999
17623.536140 282.956002
17648.428141 289.305991
17673.320141 294.894010
17698.212141 303.275991
17723.104141 304.291999
17747.996141 306.323991
17772.888142 308.101992
17797.780142 308.101992
17822.672142 312.927994
17847.564142 312.927994
17872.456142 313.944001
17897.348143 315.975993
17922.240143 312.927994
17947.132143 311.149992
17972.024143 309.118000
17996.916143 306.323991
18021.808144 300.482005
18046.700144 299.465998
18071.592144 291.083993
18096.484144 287.527989
18121.376144 276.351999
18146.268145 267.461990
18171.160145 258.825996
18196.052145 246.380007
18220.944145 233.933995
18245.836145 223.266009
18270.728146 207.771997
18295.620146 193.040003
18320.512146 184.149995
18345.404146 166.624003
18370.296146 148.082004
18395.188147 130.047997
18420.080147 105.918002
18444.972147 91.186002
18469.864147 59.689999
18494.756147 42.672000
18519.648148 18.796000
18544.540148 -25400.000000
18569.432148 -25400.000000
18594.324148 -25400.000000
18619.216148 -25400.000000
18644.108149 -25400.000000
18669.000149 -25400.000000
18693.892149 -25400.000000
18718.784149 -25400.000000
18743.676149 -25400.000000
18768.568150 -25400.000000
18793.460150 -25400.000000
18818.352150 -25400.000000
18843.244150 -25400.000000
18868.136150 -25400.000000
18893.028151 -25400.000000
18917.920151 -25400.000000
18942.812151 -25400.000000
18967.704151 -25400.000000
18992.596151 -25400.000000
19017.488152 -25400.000000
19042.380152 -25400.000000
19067.272152 -25400.000000
19092.164152 -25400.000000
19117.056152 26.669999
19141.948153 62.484003
19166.840153 86.360001
19191.732153 104.140001
19216.624153 131.825998
19241.516153 158.750002
19266.408154 175.005996
19291.300154 194.818005
19316.192154 210.566007
19341.084154 230.124002
19365.976154 246.380007
19390.868155 259.587990
19415.760155 272.287992
19440.652155 283.972010
19465.544155 296.672012
19490.436155 304.291999
19515.328156 314.960009
19540.220156 323.849994
19565.112156 330.453997
19590.004156 338.074008
19614.896156 343.662003
19639.788157 349.503988
19664.680157 354.329989
19689.572157 357.123999
19714.464157 359.663995
19739.356157 362.458004
19764.248158 364.998000
19789.140158 366.776001
19814.032158 364.236006
19838.924158 364.236006
19863.816158 363.219998
19888.708158 360.680002
19913.600159 357.885993
19938.492159 355.345997
19963.384159 349.503988
19988.276159 345.693995
20013.168159 340.867993
20038.060160 336.041992
20062.952160 327.660011
20087.844160 321.818002
20112.736160 313.944001
20137.628160 302.513997
20162.520161 291.083993
20187.412161 283.972010
20212.304161 272.287992
20237.196161 257.810012
20262.088161 245.617990
20286.980162 230.885996
20311.872162 216.407992
20336.764162 199.897996
20361.656162 177.800005
20386.548162 160.781994
20411.440163 139.445997
20436.332163 116.586001
20461.224163 90.170001
20486.116163 70.357998
20511.008163 47.498001
20535.900164 -25400.000000
20560.792164 -25400.000000
20585.684164 -25400.000000
20610.576164 -25400.000000
20635.468164 -25400.000000
20660.360165 -25400.000000
20685.252165 -25400.000000
20710.144165 -25400.000000
20735.036165 -25400.000000
20759.928165 -25400.000000
20784.820166 -25400.000000
20809.712166 -25400.000000
20834.604166 -25400.000000
20859.496166 -25400.000000
20884.388166 -25400.000000
20909.280167 -25400.000000
20934.172167 -25400.000000
20959.064167 -25400.000000
20983.956167 -25400.000000
21008.848167 -25400.000000
21033.740168 -25400.000000
21058.632168 -25400.000000
21083.524168 -25400.000000
21108.416168 -25400.000000
21133.308168 -25400.000000
21158.200169 -25400.000000
21183.092169 -25400.000000
21207.984169 -25400.000000
21232.876169 -25400.000000
21257.768169 -25400.000000
21282.660170 -25400.000000
21307.552170 -25400.000000
21332.444170 -25400.000000
21357.336170 -25400.000000
21382.228170 -25400.000000
21407.120171 -25400.000000
21432.012171 -25400.000000
21456.904171 -25400.000000
21481.796171 -25400.000000
21506.688171 -25400.000000
21531.580172 -25400.000000
21556.472172 -25400.000000
21581.364172 -25400.000000
21606.256172 -25400.000000
21631.148172 -25400.000000
21656.040173 -25400.000000
21680.932173 -25400.000000
21705.824173 -25400.000000
21730.716173 -25400.000000
21755.608173 -25400.000000
21780.500174 -25400.000000
21805.392174 -25400.000000
21830.284174 -25400.000000
21855.176174 -25400.000000
21880.068174 -25400.000000
21904.960175 -25400.000000
21929.852175 -25400.000000
21954.744175 -25400.000000
21979.636175 -25400.000000
22004.528175 -25400.000000
22029.420176 -25400.000000
22054.312176 -25400.000000
22079.204176 -25400.000000
22104.096176 -25400.000000
22128.988176 -25400.000000
22153.880177 -25400.000000
22178.772177 -25400.000000
22203.664177 -25400.000000
22228.556177 -25400.000000
22253.448177 -25400.000000
22278.340178 -25400.000000
22303.232178 -25400.000000
22328.124178 -25400.000000
22353.016178 -25400.000000
22377.908178 -25400.000000
22402.800179 -25400.000000
22427.692179 -25400.000000
22452.584179 -25400.000000
22477.476179 -25400.000000
22502.368179 -25400.000000
22527.260180 -25400.000000
22552.152180 -25400.000000
22577.044180 -25400.000000
22601.936180 -25400.000000
22626.828180 -25400.000000
22651.720181 -25400.000000
22676.612181 -25400.000000
22701.504181 -25400.000000
22726.396181 -25400.000000
22751.288181 -25400.000000
22776.180182 -25400.000000
22801.072182 -25400.000000
22825.964182 -25400.000000
22850.856182 -25400.000000
22875.748182 -25400.000000
22900.640182 -25400.000000
22925.532183 42.672000
22950.424183 53.086002
22975.316183 64.516000
23000.208183 80.517998
23025.100183 92.201998
23049.992184 101.092001
23074.884184 115.570005
23099.776184 120.395994
23124.668184 130.047997
23149.560184 136.652000
23174.452185 142.493997
23199.344185 147.319998
23224.236185 152.145999
23249.128185 153.161995
23274.020185 149.098000
23298.912186 151.130003
23323.804186 148.082004
23348.696186 156.972001
23373.588186 149.098000
23398.480186 149.098000
23423.372187 140.462005
23448.264187 134.619996
23473.156187 130.810003
23498.048187 123.190004
23522.940187 113.792003
23547.832188 106.933998
23572.724188 99.059997
23597.616188 87.375997
23622.508188 81.534000
23647.400188 67.564000
23672.292189 51.308000
23697.184189 42.672000
23722.076189 23.621999
23746.968189 -25400.000000
23771.860189 -25400.000000
23796.752190 -25400.000000
23821.644190 -25400.000000
23846.536190 -25400.000000
23871.428190 -25400.000000
23896.320190 -25400.000000
23921.212191 -25400.000000
23946.104191 -25400.000000
23970.996191 -25400.000000
23995.888191 -25400.000000
24020.780191 -25400.000000
24045.672192 -25400.000000
24070.564192 -25400.000000
24095.456192 -25400.000000
24120.348192 -25400.000000
24145.240192 -25400.000000
24170.132193 -25400.000000
24195.024193 -25400.000000
24219.916193 -25400.000000
24244.808193 -25400.000000
24269.700193 -25400.000000
24294.592194 -25400.000000
24319.484194 -25400.000000
24344.376194 -25400.000000
24369.268194 -25400.000000
24394.160194 -25400.000000
24419.052195 -25400.000000
24443.944195 -25400.000000
24468.836195 -25400.000000
24493.728195 -25400.000000
24518.620195 -25400.000000
24543.512196 -25400.000000
24568.404196 -25400.000000
24593.296196 -25400.000000
24618.188196 -25400.000000
24643.080196 -25400.000000
24667.972197 42.672000
24692.864197 62.484003
24717.756197 81.534000
24742.648197 98.044001
24767.540197 115.570005
24792.432198 126.999997
24817.324198 149.098000
24842.216198 158.750002
24867.108198 171.450004
24892.000198 183.133999
24916.892199 194.818005
24941.784199 202.945996
24966.676199 214.629990
24991.568199 223.266009
25016.460199 230.124002
25041.352200 237.743989
25066.244200 244.602006
25091.136200 251.206009
25116.028200 253.999994
25140.920200 258.825996
25165.812201 262.381999
25190.704201 267.461990
25215.596201 269.494006
25240.488201 269.494006
25265.380201 271.272008
25290.272202 271.272008
25315.164202 270.509990
25340.056202 266.446006
25364.948202 265.429999
25389.840202 262.381999
25414.732203 258.825996
25439.624203 255.016002
25464.516203 250.190001
25489.408203 246.380007
25514.300203 238.759997
25539.192204 233.933995
25564.084204 221.233993
25588.976204 213.614006
25613.868204 203.962004
25638.760204 193.040003
25663.652205 180.594003
25688.544205 169.418001
25713.436205 158.750002
25738.328205 141.478001
25763.220205 120.395994
25788.112206 104.140001
25813.004206 82.296000
25837.896206 66.547998
25862.788206 39.624000
25887.680206 -25400.000000
25912.572206 -25400.000000
25937.464207 -25400.000000
25962.356207 -25400.000000
25987.248207 -25400.000000
26012.140207 -25400.000000
26037.032207 -25400.000000
26061.924208 -25400.000000
26086.816208 -25400.000000
26111.708208 -25400.000000
26136.600208 -25400.000000
26161.492208 -25400.000000
26186.384209 -25400.000000
26211.276209 -25400.000000
26236.168209 -25400.000000
26261.060209 -25400.000000
26285.952209 -25400.000000
26310.844210 -25400.000000
26335.736210 -25400.000000
26360.628210 -25400.000000
26385.520210 -25400.000000
26410.412210 -25400.000000
26435.304211 -25400.000000
26460.196211 -25400.000000
26485.088211 -25400.000000
26509.980211 -25400.000000
26534.872211 -25400.000000
26559.764212 -25400.000000
26584.656212 -25400.000000
26609.548212 -25400.000000
26634.440212 -25400.000000
26659.332212 -25400.000000
26684.224213 -25400.000000
26709.116213 -25400.000000
26734.008213 -25400.000000
26758.900213 72.390001
26783.792213 -25400.000000
26808.684214 -25400.000000
26833.576214 121.412002
26858.468214 132.841994
26883.360214 144.271999
26908.252214 149.098000
26933.144215 160.781994
26958.036215 168.655995
26982.928215 176.022004
27007.820215 181.355997
27032.712215 184.912001
27057.604216 189.992004
27082.496216 193.040003
27107.388216 195.834001
27132.280216 198.881989
27157.172216 197.866005
27182.064217 198.881989
27206.956217 197.866005
27231.848217 196.849997
27256.740217 193.801997
27281.632217 191.008000
27306.524218 184.912001
27331.416218 181.355997
27356.308218 175.005996
27381.200218 167.639999
27406.092218 160.781994
27430.984219 151.130003
27455.876219 141.478001
27480.768219 131.825998
27505.660219 -25400.000000
27530.552219 -25400.000000
27555.444220 -25400.000000
27580.336220 -25400.000000
27605.228220 -25400.000000
27630.120220 -25400.000000
27655.012220 -25400.000000
27679.904221 -25400.000000
27704.796221 -25400.000000
27729.688221 -25400.000000
27754.580221 -25400.000000
27779.472221 -25400.000000
27804.364222 -25400.000000
27829.256222 -25400.000000
27854.148222 -25400.000000
27879.040222 -25400.000000
27903.932222 -25400.000000
27928.824223 -25400.000000
27953.716223 -25400.000000
27978.608223 -25400.000000
28003.500223 -25400.000000
28028.392223 -25400.000000
28053.284224 -25400.000000
28078.176224 -25400.000000
28103.068224 -25400.000000
28127.960224 -25400.000000
28152.852224 -25400.000000
28177.744225 -25400.000000
28202.636225 -25400.000000
28227.528225 -25400.000000
28252.420225 -25400.000000
28277.312225 -25400.000000
28302.204226 -25400.000000
28327.096226 -25400.000000
28351.988226 -25400.000000
28376.880226 49.276000
28401.772226 61.468001
28426.664227 79.502002
28451.556227 94.234002
28476.448227 98.044001
28501.340227 109.981998
28526.232227 122.427998
28551.124228 126.238003
28576.016228 130.810003
28600.908228 140.462005
28625.800228 142.493997
28650.692228 145.287994
28675.584229 146.304002
28700.476229 153.924001
28725.368229 150.113996
28750.260229 151.130003
28775.152229 149.098000
28800.044230 144.271999
28824.936230 142.493997
28849.828230 136.652000
28874.720230 133.858002
28899.612230 125.221995
28924.504230 115.570005
28949.396231 108.966002
28974.288231 98.044001
28999.180231 74.421999
29024.072231 58.673997
29048.964231 58.673997
29073.856232 39.624000
29098.748232 34.797999
29123.640232 -25400.000000
29148.532232 -25400.000000
29173.424232 -25400.000000
29198.316233 -25400.000000
29223.208233 -25400.000000
29248.100233 -25400.000000
29272.992233 -25400.000000
29297.884233 -25400.000000
29322.776234 -25400.000000
29347.668234 -25400.000000
29372.560234 -25400.000000
29397.452234 -25400.000000
29422.344234 -25400.000000
29447.236235 -25400.000000
29472.128235 -25400.000000
29497.020235 -25400.000000
29521.912235 -25400.000000
29546.804235 -25400.000000
29571.696236 -25400.000000
29596.588236 -25400.000000
29621.480236 -25400.000000
29646.372236 -25400.000000
29671.264236 -25400.000000
29696.156237 -25400.000000
29721.048237 -25400.000000
29745.940237 -25400.000000
29770.832237 -25400.000000
29795.724237 -25400.000000
29820.616238 -25400.000000
29845.508238 -25400.000000
29870.400238 -25400.000000
29895.292238 -25400.000000
29920.184238 -25400.000000
29945.076239 -25400.000000
29969.968239 -25400.000000
29994.860239 -25400.000000
30019.752239 42.672000
30044.644239 72.390001
30069.536240 99.059997
30094.428240 123.190004
30119.320240 143.256003
30144.212240 164.592000
30169.104240 184.149995
30193.996241 201.930012
30218.888241 215.392008
30243.780241 232.918011
30268.672241 243.585998
30293.564241 258.825996
30318.456242 273.303999
30343.348242 282.194008
30368.240242 291.083993
30393.132242 300.482005
30418.024242 311.149992
30442.916243 320.801994
30467.808243 326.644003
30492.700243 331.470005
30517.592243 338.836002
30542.484243 343.662003
30567.376244 353.314005
30592.268244 355.345997
30617.160244 357.123999
30642.052244 358.902001
30666.944244 360.680002
30691.836245 364.236006
30716.728245 364.236006
30741.620245 366.014007
30766.512245 364.998000
30791.404245 367.792009
30816.296246 363.219998
30841.188246 359.663995
30866.080246 355.345997
30890.972246 351.536004
30915.864246 343.662003
30940.756247 338.074008
30965.648247 329.437989
30990.540247 318.008009
31015.432247 309.118000
31040.324247 296.672012
31065.216248 288.543997
31090.108248 279.399998
31115.000248 267.461990
31139.892248 252.984010
31164.784248 241.554006
31189.676249 230.124002
31214.568249 219.455991
31239.460249 214.629990
31264.352249 199.897996
31289.244249 182.372005
31314.136250 165.607995
31339.028250 143.256003
31363.920250 121.412002
31388.812250 94.234002
31413.704250 61.468001
31438.596251 -25400.000000
31463.488251 -25400.000000
31488.380251 -25400.000000
31513.272251 -25400.000000
31538.164251 -25400.000000
31563.056252 -25400.000000
31587.948252 -25400.000000
31612.840252 -25400.000000
31637.732252 -25400.000000
31662.624252 -25400.000000
31687.516253 -25400.000000
31712.408253 -25400.000000
31737.300253 -25400.000000
31762.192253 -25400.000000
31787.084253 -25400.000000
31811.976254 -25400.000000
31836.868254 -25400.000000
31861.760254 -25400.000000
31886.652254 -25400.000000
31911.544254 -25400.000000
31936.436255 -25400.000000
31961.328255 -25400.000000
31986.220255 -25400.000000
32011.112255 -25400.000000
32036.004255 -25400.000000
32060.896255 -25400.000000
32085.788256 41.656001
32110.680256 59.689999
32135.572256 85.343999
32160.464256 108.966002
32185.356256 126.999997
32210.248257 145.287994
32235.140257 165.607995
32260.032257 178.561999
32284.924257 194.818005
32309.816257 208.788005
32334.708258 218.440007
32359.600258 227.076002
32384.492258 239.776004
32409.384258 248.411999
32434.276258 255.777996
32459.168259 264.413991
32484.060259 270.509990
32508.952259 276.351999
32533.844259 282.194008
32558.736259 287.527989
32583.628260 290.321999
32608.520260 293.878002
32633.412260 293.878002
32658.304260 298.704004
32683.196260 298.704004
32708.088261 295.656004
32732.980261 294.894010
32757.872261 294.894010
32782.764261 292.861995
32807.656261 292.100001
32832.548262 292.100001
32857.440262 290.321999
32882.332262 284.734004
32907.224262 278.383991
32932.116262 271.272008
32957.008263 266.446006
32981.900263 257.810012
33006.792263 251.206009
33031.684263 243.585998
33056.576263 235.711997
33081.468264 226.059994
33106.360264 216.407992
33131.252264 204.723998
33156.144264 192.023996
33181.036264 175.005996
33205.928265 162.813998
33230.820265 148.082004
33255.712265 125.221995
33280.604265 109.981998
33305.496265 87.375997
33330.388266 66.547998
33355.280266 42.672000
33380.172266 -25400.000000
33405.064266 -25400.000000
33429.956266 -25400.000000
33454.848267 -25400.000000
33479.740267 -25400.000000
33504.632267 -25400.000000
33529.524267 -25400.000000
33554.416267 -25400.000000
33579.308268 -25400.000000
33604.200268 -25400.000000
33629.092268 -25400.000000
33653.984268 -25400.000000
33678.876268 -25400.000000
33703.768269 -25400.000000
33728.660269 -25400.000000
33753.552269 -25400.000000
33778.444269 -25400.000000
33803.336269 -25400.000000
33828.228270 -25400.000000
33853.120270 -25400.000000
33878.012270 -25400.000000
33902.904270 -25400.000000
33927.796270 -25400.000000
33952.688271 -25400.000000
33977.580271 -25400.000000
34002.472271 -25400.000000
34027.364271 -25400.000000
34052.256271 -25400.000000
34077.148272 -25400.000000
34102.040272 -25400.000000
34126.932272 -25400.000000
34151.824272 -25400.000000
34176.716272 -25400.000000
34201.608273 -25400.000000
34226.500273 -25400.000000
34251.392273 -25400.000000
34276.284273 -25400.000000
34301.176273 -25400.000000
34326.068274 -25400.000000
34350.960274 -25400.000000
34375.852274 -25400.000000
34400.744274 -25400.000000
34425.636274 -25400.000000
34450.528275 -25400.000000
34475.420275 -25400.000000
34500.312275 -25400.000000
34525.204275 -25400.000000
34550.096275 -25400.000000
34574.988276 -25400.000000
34599.880276 -25400.000000
34624.772276 -25400.000000
34649.664276 -25400.000000
34674.556276 -25400.000000
34699.448277 -25400.000000
34724.340277 -25400.000000
34749.232277 -25400.000000
34774.124277 -25400.000000
34799.016277 -25400.000000
34823.908278 -25400.000000
34848.800278 -25400.000000
34873.692278 -25400.000000
34898.584278 -25400.000000
34923.476278 -25400.000000
34948.368279 -25400.000000
34973.260279 -25400.000000
34998.152279 -25400.000000
35023.044279 -25400.000000
35047.936279 -25400.000000
35072.828279 -25400.000000
35097.720280 -25400.000000
35122.612280 -25400.000000
35147.504280 -25400.000000
35172.396280 -25400.000000
35197.288280 -25400.000000
35222.180281 -25400.000000
35247.072281 -25400.000000
35271.964281 -25400.000000
35296.856281 -25400.000000
35321.748281 -25400.000000
35346.640282 -25400.000000
35371.532282 -25400.000000
35396.424282 -25400.000000
35421.316282 -25400.000000
35446.208282 -25400.000000
35471.100283 -25400.000000
35495.992283 -25400.000000
35520.884283 -25400.000000
35545.776283 -25400.000000
35570.668283 -25400.000000
35595.560284 -25400.000000
35620.452284 31.749999
35645.344284 48.514000
35670.236284 62.484003
35695.128284 75.438001
35720.020285 94.234002
35744.912285 100.076005
35769.804285 115.570005
35794.696285 126.238003
35819.588285 130.810003
35844.480286 141.478001
35869.372286 144.271999
35894.264286 148.082004
35919.156286 154.939997
35944.048286 156.972001
35968.940287 162.813998
35993.832287 164.592000
36018.724287 170.433997
36043.616287 174.244002
36068.508287 177.800005
36093.400288 167.639999
36118.292288 164.592000
36143.184288 163.576004
36168.076288 169.418001
36192.968288 158.750002
36217.860289 156.972001
36242.752289 156.972001
36267.644289 154.939997
36292.536289 143.256003
36317.428289 140.462005
36342.320290 132.841994
36367.212290 124.206000
36392.104290 112.775995
36416.996290 101.092001
36441.888290 89.408001
36466.780291 73.405997
36491.672291 62.484003
36516.564291 47.498001
36541.456291 29.717999
36566.348291 -25400.000000
36591.240292 -25400.000000
36616.132292 -25400.000000
36641.024292 -25400.000000
36665.916292 -25400.000000
36690.808292 -25400.000000
36715.700293 -25400.000000
36740.592293 -25400.000000
36765.484293 -25400.000000
36790.376293 -25400.000000
36815.268293 -25400.000000
36840.160294 -25400.000000
36865.052294 -25400.000000
36889.944294 -25400.000000
36914.836294 -25400.000000
36939.728294 -25400.000000
36964.620295 -25400.000000
36989.512295 -25400.000000
37014.404295 -25400.000000
37039.296295 -25400.000000
37064.188295 -25400.000000
37089.080296 -25400.000000
37113.972296 -25400.000000
37138.864296 -25400.000000
37163.756296 -25400.000000
37188.648296 -25400.000000
37213.540297 -25400.000000
37238.432297 -25400.000000
37263.324297 -25400.000000
37288.216297 -25400.000000
37313.108297 69.595998
37338.000298 105.155996
37362.892298 130.810003
37387.784298 154.939997
37412.676298 182.372005
37437.568298 200.914004
37462.460299 221.233993
37487.352299 242.569990
37512.244299 258.825996
37537.136299 277.368007
37562.028299 292.100001
37586.920300 305.308007
37611.812300 320.801994
37636.704300 335.279998
37661.596300 344.678011
37686.488300 359.663995
37711.380301 368.554003
37736.272301 377.189998
37761.164301 384.810009
37786.056301 391.414012
37810.948301 398.017991
37835.840302 402.590002
37860.732302 404.622018
37885.624302 398.017991
37910.516302 393.191990
37935.408302 392.176006
37960.300303 406.400019
37985.192303 413.003999
38010.084303 431.546010
38034.976303 435.355980
38059.868303 424.179989
38084.760303 424.179989
38109.652304 408.431987
38134.544304 406.400019
38159.436304 402.590002
38184.328304 408.431987
38209.220304 422.148021
38234.112305 410.209989
38259.004305 407.415980
38283.896305 400.812000
38308.788305 397.001983
38333.680305 394.207997
38358.572306 395.985999
38383.464306 384.810009
38408.356306 366.776001
38433.248306 356.107991
38458.140306 346.710002
38483.032307 335.279998
38507.924307 330.453997
38532.816307 325.882009
38557.708307 322.834010
38582.600307 312.927994
38607.492308 301.497989
38632.384308 286.512005
38657.276308 271.272008
38682.168308 256.794004
38707.060308 237.743989
38731.952309 216.407992
38756.844309 196.849997
38781.736309 169.418001
38806.628309 151.130003
38831.520309 112.775995
38856.412310 73.405997
38881.304310 50.291999
38906.196310 -25400.000000
38931.088310 -25400.000000
38955.980310 -25400.000000
38980.872311 -25400.000000
39005.764311 -25400.000000
39030.656311 -25400.000000
39055.548311 -25400.000000
39080.440311 -25400.000000
39105.332312 -25400.000000
39130.224312 -25400.000000
39155.116312 -25400.000000
39180.008312 -25400.000000
39204.900312 -25400.000000
39229.792313 -25400.000000
39254.684313 -25400.000000
39279.576313 -25400.000000
39304.468313 -25400.000000
39329.360313 -25400.000000
39354.252314 -25400.000000
39379.144314 -25400.000000
39404.036314 -25400.000000
39428.928314 -25400.000000
39453.820314 -25400.000000
39478.712315 -25400.000000
39503.604315 -25400.000000
39528.496315 -25400.000000
39553.388315 -25400.000000
39578.280315 -25400.000000
39603.172316 -25400.000000
39628.064316 -25400.000000
39652.956316 -25400.000000
39677.848316 -25400.000000
39702.740316 -25400.000000
39727.632317 -25400.000000
39752.524317 -25400.000000
39777.416317 -25400.000000
39802.308317 -25400.000000
39827.200317 -25400.000000
39852.092318 -25400.000000
39876.984318 -25400.000000
39901.876318 -25400.000000
39926.768318 -25400.000000
39951.660318 -25400.000000
39976.552319 -25400.000000
40001.444319 -25400.000000
40026.336319 -25400.000000
40051.228319 -25400.000000
40076.120319 -25400.000000
40101.012320 -25400.000000
40125.904320 -25400.000000
40150.796320 -25400.000000
40175.688320 -25400.000000
40200.580320 -25400.000000
40225.472321 -25400.000000
40250.364321 -25400.000000
40275.256321 -25400.000000
40300.148321 -25400.000000
40325.040321 -25400.000000
40349.932322 -25400.000000
40374.824322 -25400.000000
40399.716322 -25400.000000
40424.608322 -25400.000000
40449.500322 -25400.000000
40474.392323 -25400.000000
40499.284323 -25400.000000
40524.176323 -25400.000000
40549.068323 -25400.000000
40573.960323 -25400.000000
40598.852324 -25400.000000
40623.744324 -25400.000000
40648.636324 -25400.000000
40673.528324 -25400.000000
40698.420324 -25400.000000
40723.312325 -25400.000000
40748.204325 -25400.000000
40773.096325 -25400.000000
40797.988325 -25400.000000
40822.880325 -25400.000000
40847.772326 -25400.000000
40872.664326 -25400.000000
40897.556326 -25400.000000
40922.448326 -25400.000000
40947.340326 -25400.000000
40972.232327 -25400.000000
40997.124327 -25400.000000
41022.016327 -25400.000000
41046.908327 29.717999
41071.800327 34.797999
41096.692327 51.308000
41121.584328 63.499999
41146.476328 75.438001
41171.368328 86.360001
41196.260328 98.044001
41221.152328 107.950006
41246.044329 110.998005
41270.936329 117.601997
41295.828329 120.395994
41320.720329 133.858002
41345.612329 137.667996
41370.504330 137.667996
41395.396330 140.462005
41420.288330 144.271999
41445.180330 141.478001
41470.072330 138.430001
41494.964331 137.667996
41519.856331 130.047997
41544.748331 129.032001
41569.640331 126.999997
41594.532331 120.395994
41619.424332 110.998005
41644.316332 106.933998
41669.208332 97.282002
41694.100332 86.360001
41718.992332 81.534000
41743.884333 71.373999
41768.776333 56.896002
41793.668333 40.639999
41818.560333 33.782000
41843.452333 -25400.000000
41868.344334 -25400.000000
41893.236334 -25400.000000
41918.128334 -25400.000000
41943.020334 -25400.000000
41967.912334 -25400.000000
41992.804335 -25400.000000
42017.696335 -25400.000000
42042.588335 -25400.000000
42067.480335 -25400.000000
42092.372335 -25400.000000
42117.264336 -25400.000000
42142.156336 -25400.000000
42167.048336 -25400.000000
42191.940336 -25400.000000
42216.832336 -25400.000000
42241.724337 -25400.000000
42266.616337 -25400.000000
42291.508337 -25400.000000
42316.400337 -25400.000000
42341.292337 -25400.000000
42366.184338 -25400.000000
42391.076338 -25400.000000
42415.968338 -25400.000000
42440.860338 -25400.000000
42465.752338 -25400.000000
42490.644339 -25400.000000
42515.536339 -25400.000000
42540.428339 -25400.000000
42565.320339 -25400.000000
42590.212339 -25400.000000
42615.104340 -25400.000000
42639.996340 -25400.000000
42664.888340 -25400.000000
42689.780340 -25400.000000
42714.672340 -25400.000000
42739.564341 -25400.000000
42764.456341 -25400.000000
42789.348341 -25400.000000
42814.240341 -25400.000000
42839.132341 -25400.000000
42864.024342 -25400.000000
42888.916342 -25400.000000
42913.808342 43.434000
42938.700342 62.484003
42963.592342 81.534000
42988.484343 94.234002
43013.376343 112.775995
43038.268343 131.825998
43063.160343 142.493997
43088.052343 152.145999
43112.944344 172.466000
43137.836344 178.561999
43162.728344 183.133999
43187.620344 193.040003
43212.512344 197.866005
43237.404345 195.834001
43262.296345 215.392008
43287.188345 208.788005
43312.080345 212.597998
43336.972345 221.233993
43361.864346 219.455991
43386.756346 228.092010
43411.648346 229.107994
43436.540346 235.711997
43461.432346 234.950003
43486.324347 242.569990
43511.216347 241.554006
43536.108347 240.537998
43561.000347 231.902003
43585.892347 233.933995
43610.784348 231.902003
43635.676348 230.124002
43660.568348 222.250001
43685.460348 222.250001
43710.352348 218.440007
43735.244349 209.549999
43760.136349 203.962004
43785.028349 197.866005
43809.920349 193.801997
43834.812349 176.783998
43859.704350 164.592000
43884.596350 156.972001
43909.488350 147.319998
43934.380350 130.810003
43959.272350 115.570005
43984.164351 100.076005
44009.056351 84.327998
44033.948351 62.484003
44058.840351 51.308000
44083.732351 -25400.000000
44108.624352 -25400.000000
44133.516352 -25400.000000
44158.408352 -25400.000000
44183.300352 -25400.000000
44208.192352 -25400.000000
44233.084352 -25400.000000
44257.976353 -25400.000000
44282.868353 -25400.000000
44307.760353 -25400.000000
44332.652353 -25400.000000
44357.544353 -25400.000000
44382.436354 -25400.000000
44407.328354 -25400.000000
44432.220354 -25400.000000
44457.112354 -25400.000000
44482.004354 -25400.000000
44506.896355 -25400.000000
44531.788355 -25400.000000
44556.680355 -25400.000000
44581.572355 -25400.000000
44606.464355 -25400.000000
44631.356356 -25400.000000
44656.248356 -25400.000000
44681.140356 -25400.000000
44706.032356 -25400.000000
44730.924356 -25400.000000
44755.816357 -25400.000000
44780.708357 -25400.000000
44805.600357 -25400.000000
44830.492357 -25400.000000
44855.384357 -25400.000000
44880.276358 22.860000
44905.168358 44.450001
44930.060358 72.390001
44954.952358 115.570005
44979.844358 130.047997
45004.736359 140.462005
45029.628359 160.781994
45054.520359 176.022004
45079.412359 191.008000
45104.304359 204.723998
45129.196360 218.440007
45154.088360 230.885996
45178.980360 241.554006
45203.872360 249.428007
45228.764360 257.810012
45253.656361 264.413991
45278.548361 272.287992
45303.440361 277.368007
45328.332361 283.972010
45353.224361 288.543997
45378.116362 292.100001
45403.008362 296.672012
45427.900362 299.465998
45452.792362 303.275991
45477.684362 306.323991
45502.576363 308.101992
45527.468363 307.086008
45552.360363 309.118000
45577.252363 307.086008
45602.144363 305.308007
45627.036364 303.275991
45651.928364 297.687996
45676.820364 294.894010
45701.712364 290.321999
45726.604364 284.734004
45751.496365 278.383991
45776.388365 269.494006
45801.280365 259.587990
45826.172365 253.999994
45851.064365 242.569990
45875.956366 231.902003
45900.848366 218.440007
45925.740366 206.755989
45950.632366 192.023996
45975.524366 179.577995
46000.416367 165.607995
46025.308367 150.113996
46050.200367 137.667996
46075.092367 118.618004
46099.984367 95.249998
46124.876368 79.502002
46149.768368 56.896002
46174.660368 32.766001
46199.552368 14.732000
46224.444368 -25400.000000
46249.336369 -25400.000000
46274.228369 -25400.000000
46299.120369 -25400.000000
46324.012369 -25400.000000
46348.904369 -25400.000000
46373.796370 -25400.000000
46398.688370 -25400.000000
46423.580370 -25400.000000
46448.472370 -25400.000000
46473.364370 -25400.000000
46498.256371 -25400.000000
46523.148371 -25400.000000
46548.040371 -25400.000000
46572.932371 -25400.000000
46597.824371 -25400.000000
46622.716372 -25400.000000
46647.608372 -25400.000000
46672.500372 -25400.000000
46697.392372 -25400.000000
46722.284372 -25400.000000
46747.176373 -25400.000000
46772.068373 -25400.000000
46796.960373 -25400.000000
46821.852373 -25400.000000
46846.744373 -25400.000000
46871.636374 -25400.000000
46896.528374 -25400.000000
46921.420374 -25400.000000
46946.312374 -25400.000000
46971.204374 -25400.000000
46996.096375 -25400.000000
47020.988375 -25400.000000
47045.880375 -25400.000000
47070.772375 -25400.000000
47095.664375 -25400.000000
47120.556376 -25400.000000
47145.448376 -25400.000000
47170.340376 -25400.000000
47195.232376 -25400.000000
47220.124376 -25400.000000
47245.016376 -25400.000000
47269.908377 -25400.000000
47294.800377 -25400.000000
47319.692377 -25400.000000
47344.584377 -25400.000000
47369.476377 -25400.000000
47394.368378 -25400.000000
47419.260378 -25400.000000
47444.152378 -25400.000000
47469.044378 -25400.000000
47493.936378 -25400.000000
47518.828379 -25400.000000
47543.720379 -25400.000000
47568.612379 -25400.000000
47593.504379 -25400.000000
47618.396379 -25400.000000
47643.288380 -25400.000000
47668.180380 -25400.000000
47693.072380 -25400.000000
47717.964380 -25400.000000
47742.856380 -25400.000000
47767.748381 -25400.000000
47792.640381 -25400.000000
47817.532381 -25400.000000
47842.424381 -25400.000000
47867.316381 -25400.000000
47892.208382 -25400.000000
47917.100382 -25400.000000
47941.992382 -25400.000000
47966.884382 -25400.000000
47991.776382 -25400.000000
48016.668383 -25400.000000
48041.560383 -25400.000000
48066.452383 -25400.000000
48091.344383 -25400.000000
48116.236383 -25400.000000
48141.128384 -25400.000000
48166.020384 -25400.000000
48190.912384 -25400.000000
48215.804384 -25400.000000
48240.696384 -25400.000000
48265.588385 -25400.000000
48290.480385 -25400.000000
48315.372385 -25400.000000
48340.264385 -25400.000000
48365.156385 42.672000
48390.048386 64.516000
48414.940386 97.282002
48439.832386 124.206000
48464.724386 143.256003
48489.616386 165.607995
48514.508387 182.372005
48539.400387 196.849997
48564.292387 209.549999
48589.184387 229.107994
48614.076387 241.554006
48638.968388 251.206009
48663.860388 262.381999
48688.752388 269.494006
48713.644388 278.383991
48738.536388 287.527989
48763.428389 292.861995
48788.320389 302.513997
48813.212389 298.704004
48838.104389 312.166000
48862.996389 318.008009
48887.888390 315.975993
48912.780390 320.801994
48937.672390 312.927994
48962.564390 316.992001
48987.456390 308.101992
49012.348391 313.944001
49037.240391 300.482005
49062.132391 296.672012
49087.024391 306.323991
49111.916391 301.497989
49136.808392 287.527989
49161.700392 294.894010
49186.592392 280.416006
49211.484392 276.351999
49236.376392 272.287992
49261.268393 260.603997
49286.160393 251.206009
49311.052393 243.585998
49335.944393 241.554006
49360.836393 236.728005
49385.728394 229.107994
49410.620394 216.407992
49435.512394 203.962004
49460.404394 187.960000
49485.296394 177.800005
49510.188395 155.956005
49535.080395 142.493997
49559.972395 122.427998
49584.864395 100.076005
49609.756395 71.373999
49634.648396 47.498001
49659.540396 -25400.000000
49684.432396 -25400.000000
49709.324396 -25400.000000
49734.216396 -25400.000000
49759.108397 -25400.000000


